iter     cost         stop         grad         xreg         ureg       step    ||ffeas||
   0  1.13127e+03  1.22089e+04  3.86899e+04  1.00000e-09  1.00000e-09  1.0000  3.63798e-14
   1  1.01397e+03  4.74084e+06  2.21319e+03  1.00000e-09  1.00000e-09  0.2500  0.00000e+00
   2  6.73485e+02  1.19856e+07  1.99642e+03  1.00000e-09  1.00000e-09  0.2500  0.00000e+00
   3  5.77113e+02  4.08214e+04  1.32123e+03  1.00000e-09  1.00000e-09  0.2500  0.00000e+00
   4  4.16121e+02  2.76617e+04  1.13557e+03  1.00000e-09  1.00000e-09  0.5000  0.00000e+00
   5  7.21062e+01  1.31691e+04  8.17557e+02  1.00000e-09  1.00000e-09  1.0000  0.00000e+00
   6  5.12454e+01  2.29290e+03  1.38321e+02  1.00000e-09  1.00000e-09  1.0000  0.00000e+00
   7  2.89710e+01  2.21991e+04  9.87199e+01  1.00000e-09  1.00000e-09  1.0000  0.00000e+00
   8  4.49633e+00  1.34988e+07  5.44611e+01  1.00000e-09  1.00000e-09  1.0000  0.00000e+00
   9  1.82677e+00  8.93706e+03  6.03300e+00  1.00000e-09  1.00000e-09  1.0000  0.00000e+00
iter     cost         stop         grad         xreg         ureg       step    ||ffeas||
  10  1.38179e+00  8.23424e+01  9.15747e-01  1.00000e-09  1.00000e-09  1.0000  0.00000e+00
  11  1.33603e+00  1.46793e-01  1.07233e-01  1.00000e-09  1.00000e-09  1.0000  0.00000e+00
  12  1.29803e+00  7.54751e-03  6.97905e-02  1.00000e-09  1.00000e-09  1.0000  0.00000e+00
  13  1.26107e+00  5.23950e-03  7.13683e-02  1.00000e-09  1.00000e-09  1.0000  0.00000e+00
  14  1.24276e+00  5.25361e-03  3.71647e-02  1.00000e-09  1.00000e-09  1.0000  0.00000e+00
  15  1.24276e+00  6.06484e-03  1.52731e-03  1.00000e-08  1.00000e-08  0.0020  0.00000e+00
  16  1.24276e+00  6.06481e-03  1.52557e-03  1.00000e-07  1.00000e-07  0.0020  0.00000e+00
  17  1.24276e+00  6.06462e-03  1.50924e-03  1.00000e-06  1.00000e-06  0.0020  0.00000e+00
  18  1.24276e+00  6.06342e-03  1.39856e-03  1.00000e-06  1.00000e-06  0.0312  0.00000e+00
  19  1.24276e+00  5.69586e-03  1.36367e-03  1.00000e-05  1.00000e-05  0.0020  0.00000e+00
iter     cost         stop         grad         xreg         ureg       step    ||ffeas||
  20  1.24274e+00  5.69127e-03  1.07634e-03  1.00000e-05  1.00000e-05  0.1250  0.00000e+00
  21  1.24274e+00  4.37572e-03  9.48440e-04  1.00000e-04  1.00000e-04  0.0020  0.00000e+00
  22  1.24274e+00  4.35871e-03  5.81744e-04  1.00000e-04  1.00000e-04  0.1250  0.00000e+00
  23  1.24274e+00  3.33889e-03  5.10521e-04  1.00000e-03  1.00000e-03  0.0020  0.00000e+00
  24  1.24273e+00  3.32545e-03  1.73777e-04  1.00000e-03  1.00000e-03  0.2500  0.00000e+00
  25  1.24273e+00  1.87007e-03  1.44101e-04  1.00000e-02  1.00000e-02  0.0020  0.00000e+00
  26  1.24273e+00  1.87151e-03  2.95659e-05  1.00000e-03  1.00000e-03  1.0000  0.00000e+00
  27  1.24273e+00  1.87266e-07  1.21697e-04  1.00000e-02  1.00000e-02  0.0020  0.00000e+00
No viewer
Start from q0= half_sitting
Impact 48 at time 90
Impact 34 at time 151
Impact 48 at time 212
Impact 34 at time 273
Load "/tmp/ddp.npy"!
No valid solution file, build quasistatic initial guess!
Run ```plt.ion(); plt.show()``` to display the plots.
Save "/tmp/ddp.npy"!
