You can open the visualizer by visiting the following URL:
http://127.0.0.1:7000/static/
Start from q0= half_sitting
Impact 48 at time 90
Impact 34 at time 151
Impact 48 at time 212
Impact 34 at time 273
No valid solution file, build quasistatic initial guess!
OCP described in /tmp/wan-repr.ascii
iter    cost       merit      stop       grad       preg       dreg      step   ||ffeas||  ||gfeas||  ||hfeas||   dV-exp       dV      dPhi-exp     dPhi
   0  3.549e+03  0.000e+00  1.934e+04  3.869e+04  1.000e-09  1.000e-09  1.0000  1.819e-14  0.000e+00  0.000e+00  1.934e+04  1.583e+04  0.000e+00  0.000e+00
   1  1.255e+03  0.000e+00  3.527e+03  7.054e+03  1.000e-09  1.000e-09  0.5000  0.000e+00  0.000e+00  0.000e+00  2.645e+03  2.294e+03  0.000e+00  0.000e+00
   2  1.087e+03  0.000e+00  1.250e+03  2.500e+03  1.000e-09  1.000e-09  0.5000  0.000e+00  0.000e+00  0.000e+00  9.376e+02  1.684e+02  0.000e+00  0.000e+00
   3  1.503e+02  0.000e+00  1.083e+03  2.166e+03  1.000e-09  1.000e-09  1.0000  0.000e+00  0.000e+00  0.000e+00  1.083e+03  9.368e+02  0.000e+00  0.000e+00
   4  3.359e+01  0.000e+00  1.438e+02  2.875e+02  1.000e-09  1.000e-09  1.0000  0.000e+00  0.000e+00  0.000e+00  1.438e+02  1.167e+02  0.000e+00  0.000e+00
   5  1.426e+01  0.000e+00  3.135e+01  6.271e+01  1.000e-09  1.000e-09  1.0000  0.000e+00  0.000e+00  0.000e+00  3.135e+01  1.933e+01  0.000e+00  0.000e+00
   6  4.623e+00  0.000e+00  1.245e+01  2.491e+01  1.000e-09  1.000e-09  1.0000  0.000e+00  0.000e+00  0.000e+00  1.245e+01  9.635e+00  0.000e+00  0.000e+00
   7  2.348e+00  0.000e+00  2.963e+00  5.927e+00  1.000e-09  1.000e-09  1.0000  0.000e+00  0.000e+00  0.000e+00  2.963e+00  2.275e+00  0.000e+00  0.000e+00
   8  1.864e+00  0.000e+00  7.005e-01  1.401e+00  1.000e-09  1.000e-09  1.0000  0.000e+00  0.000e+00  0.000e+00  7.005e-01  4.838e-01  0.000e+00  0.000e+00
   9  1.682e+00  0.000e+00  2.706e-01  5.412e-01  1.000e-09  1.000e-09  1.0000  0.000e+00  0.000e+00  0.000e+00  2.706e-01  1.823e-01  0.000e+00  0.000e+00
iter    cost       merit      stop       grad       preg       dreg      step   ||ffeas||  ||gfeas||  ||hfeas||   dV-exp       dV      dPhi-exp     dPhi
  10  1.531e+00  0.000e+00  1.712e-01  3.424e-01  1.000e-09  1.000e-09  1.0000  0.000e+00  0.000e+00  0.000e+00  1.712e-01  1.510e-01  0.000e+00  0.000e+00
  11  1.482e+00  0.000e+00  5.524e-02  1.105e-01  1.000e-09  1.000e-09  1.0000  0.000e+00  0.000e+00  0.000e+00  5.524e-02  4.894e-02  0.000e+00  0.000e+00
  12  1.478e+00  0.000e+00  3.931e-03  7.863e-03  1.000e-09  1.000e-09  1.0000  0.000e+00  0.000e+00  0.000e+00  3.931e-03  3.426e-03  0.000e+00  0.000e+00
  13  1.438e+00  0.000e+00  3.940e-02  7.880e-02  1.000e-09  1.000e-09  1.0000  0.000e+00  0.000e+00  0.000e+00  3.940e-02  4.027e-02  0.000e+00  0.000e+00
  14  1.422e+00  0.000e+00  1.658e-02  3.315e-02  1.000e-09  1.000e-09  1.0000  0.000e+00  0.000e+00  0.000e+00  1.658e-02  1.635e-02  0.000e+00  0.000e+00
  15  1.422e+00  0.000e+00  2.795e-04  5.590e-04  1.000e-08  1.000e-08  0.0020  0.000e+00  0.000e+00  0.000e+00  1.091e-06  1.413e-08  0.000e+00  0.000e+00
Run ```plt.ion(); plt.show()``` to display the plots.
